Ga: -2.9032502625
Mg: -1.507277525
N: -8.309153205
Si: -5.393143015
