Ga: -2.9032502625
N: -8.309153205
